
      30.8
      32.1
      31.3
      31.5
      27.2
      28.5
      27.6
      31.7
      31.7
      31.3
      28.6
      33.3
      33.4
      30.2
      31.2
      29.3
      30.9
      32.4
      32.0
      31.1
      29.8
      29.1
      29.0
      29.9
      30.1
      30.6
      29.6
      29.2
      31.1
      28.9
      31.1
      29.5

------------------------


      30.8
      32.1
      31.3
      31.5
      27.2
      28.5
      27.6
      31.7
      31.7
      31.3
      28.6
      33.3
      33.4
      30.2
      31.2
      29.3
      30.9
      32.4
      32.0
      31.1
      29.8
      29.1
      29.0
      29.9
      30.1
      30.6
      29.6
      29.2
      31.1
      28.9
      31.1
      29.5

------------------------


      30.8
      32.1
      31.3
      31.5
      27.2
      28.5
      27.6
      31.7
      31.7
      31.3
      28.6
      33.3
      33.4
      30.2
      31.2
      29.3
      30.9
      32.4
      32.0
      31.1
      29.8
      29.1
      29.0
      29.9
      30.1
      30.6
      29.6
      29.2
      31.1
      28.9
      31.1
      29.5

------------------------

Execution time: 0.357123 seconds
